[gd_scene load_steps=9 format=3 uid="uid://c7e6ixneia67w"]

[ext_resource type="PackedScene" uid="uid://c7fh1ukemyw04" path="res://assets/models/enviroment/nebulasisland/nebulaisland.obj" id="1_wbtri"]
[ext_resource type="PackedScene" uid="uid://du6jdficpfqb0" path="res://components/interactables/red_panda/red_panda.tscn" id="2_hsmrq"]
[ext_resource type="PackedScene" uid="uid://bbie7hqju4c4i" path="res://assets/models/enviroment/nebulaplant/nebulaplant.obj" id="3_8togc"]
[ext_resource type="PackedScene" uid="uid://ca8mniigxwyeu" path="res://components/interactables/pickup_bi_state/pickup_moss.tscn" id="4_coecx"]
[ext_resource type="PackedScene" uid="uid://cnuktksbujdwd" path="res://components/bees/nebula_bee.tscn" id="5_2iysi"]
[ext_resource type="PackedScene" uid="uid://op3rln8midvo" path="res://assets/models/enviroment/nebulatree/nebulatree.obj" id="6_6xmxg"]
[ext_resource type="PackedScene" uid="uid://cpubpuxodqw7p" path="res://components/interactables/pickup_floating/pickup_star.tscn" id="7_aoeie"]
[ext_resource type="PackedScene" uid="uid://ceoviyjmhwh5c" path="res://components/interactables/pickup_floating/pickup_moon.tscn" id="8_fhrum"]

[node name="NebulaIsland" type="Node3D"]

[node name="nebulaisland" parent="." instance=ExtResource("1_wbtri")]
transform = Transform3D(-3.0598e-07, 0, 7, 0, 7, 0, -7, 0, -3.0598e-07, 0, 0, 0)

[node name="RedPanda4" parent="." instance=ExtResource("2_hsmrq")]
transform = Transform3D(-0.778035, 0, 0.628221, 0, 1, 0, -0.628221, 0, -0.778035, 0.509951, 6.1059, -1.13272)
initial_text = Array[String](["I dreamt about floating in space once", "There I needed to [wave]summon[/wave] islands to get more and more items", "The islands just fell down... From the island gods..."])
quip_texts = Array[String](["Do you belive in island gods?", "I'm really hungry for a nice apple..."])

[node name="items" type="Node3D" parent="."]
transform = Transform3D(1, 0, 0, 0, 1, 0, 0, 0, 1, 4.05968, 6.15, 12.3975)

[node name="nebulaplant" parent="items" instance=ExtResource("3_8togc")]
transform = Transform3D(-0.00231774, 0, -0.199987, 0, 0.2, 0, 0.199987, 0, -0.00231774, -5.19629, -0.0599999, -10.7371)

[node name="nebulabee" parent="items" instance=ExtResource("5_2iysi")]
transform = Transform3D(-0.73969, 0, -0.672948, 0, 1, 0, 0.672948, 0, -0.73969, -3.20679, -0.0599999, -14.1297)

[node name="nebulabee2" parent="items" instance=ExtResource("5_2iysi")]
transform = Transform3D(-0.59176, 0, -0.806114, 0, 1, 0, 0.806114, 0, -0.59176, -3.04959, -0.0599999, -11.4613)

[node name="nebulabee3" parent="items" instance=ExtResource("5_2iysi")]
transform = Transform3D(1, 0, 0, 0, 1, 0, 0, 0, 1, -5.84786, -0.0599999, -14.8655)

[node name="nebulabee4" parent="items" instance=ExtResource("5_2iysi")]
transform = Transform3D(1, 0, 0, 0, 1, 0, 0, 0, 1, -5.04061, -0.0599999, -10.3076)

[node name="nebulabee5" parent="items" instance=ExtResource("5_2iysi")]
transform = Transform3D(0.661718, 0, 0.749753, 0, 1, 0, -0.749753, 0, 0.661718, -1.37594, -0.0599999, -14.0114)

[node name="nebulabee6" parent="items" instance=ExtResource("5_2iysi")]
transform = Transform3D(-0.606932, 0, -0.794754, 0, 1, 0, 0.794754, 0, -0.606932, -1.16261, -0.0599999, -10.1916)

[node name="nebulabee7" parent="items" instance=ExtResource("5_2iysi")]
transform = Transform3D(-0.0761274, 0, 0.997098, 0, 1, 0, -0.997098, 0, -0.0761274, -4.18378, -0.0599999, -10.4419)

[node name="nebulaplant3" parent="items" instance=ExtResource("3_8togc")]
transform = Transform3D(0.199324, 0.000844825, -0.0164129, -0.000833824, 0.199998, 0.000168323, 0.0164135, -9.93252e-05, 0.199325, -7.05628, -0.0599999, -14.2933)

[node name="nebulaplant5" parent="items" instance=ExtResource("3_8togc")]
transform = Transform3D(-0.188426, 0, 0.0670508, 0, 0.2, 0, -0.0670508, 0, -0.188426, -4.46471, -0.0599999, -12.5256)

[node name="Pickups" type="Node3D" parent="."]

[node name="PickupMoss2" parent="Pickups" instance=ExtResource("4_coecx")]
transform = Transform3D(0.625692, 0, 0.78007, 0, 1, 0, -0.78007, 0, 0.625692, -2.26732, 6.09625, 1.33307)

[node name="PickupMoss3" parent="Pickups" instance=ExtResource("4_coecx")]
transform = Transform3D(0.625692, 0, 0.78007, 0, 1, 0, -0.78007, 0, 0.625692, 0.822889, 6.09625, -2.89755)

[node name="nebulatree" parent="." instance=ExtResource("6_6xmxg")]
transform = Transform3D(1, 0, 0, 0, 1, 0, 0, 0, 1, 0.775604, 6.09, 2.36518)

[node name="nebulatree2" parent="." instance=ExtResource("6_6xmxg")]
transform = Transform3D(1, 0, 0, 0, 1, 0, 0, 0, 1, 2.10967, 6.09, -0.975276)

[node name="nebulatree3" parent="." instance=ExtResource("6_6xmxg")]
transform = Transform3D(1, 0, 0, 0, 1, 0, 0, 0, 1, -2.25367, 6.09, 0.4907)

[node name="nebulatree4" parent="." instance=ExtResource("6_6xmxg")]
transform = Transform3D(1, 0, 0, 0, 1, 0, 0, 0, 1, 3.15732, 6.09, 2.09152)

[node name="nebulatree5" parent="." instance=ExtResource("6_6xmxg")]
transform = Transform3D(1, 0, 0, 0, 1, 0, 0, 0, 1, -0.627262, 6.09, 1.09109)

[node name="nebulatree6" parent="." instance=ExtResource("6_6xmxg")]
transform = Transform3D(1, 0, 0, 0, 1, 0, 0, 0, 1, -2.22476, 6.09, 2.40519)

[node name="nebulatree7" parent="." instance=ExtResource("6_6xmxg")]
transform = Transform3D(1, 0, 0, 0, 1, 0, 0, 0, 1, -0.0769694, 6.09, -0.717117)

[node name="PickupStar" parent="." instance=ExtResource("7_aoeie")]
transform = Transform3D(1, 0, 0, 0, 1, 0, 0, 0, 1, 2.62067, 6.09, -2.32751)

[node name="PickupStar2" parent="." instance=ExtResource("7_aoeie")]
transform = Transform3D(1, 0, 0, 0, 1, 0, 0, 0, 1, -1.59303, 6.09, 2.77443)

[node name="PickupStar3" parent="." instance=ExtResource("7_aoeie")]
transform = Transform3D(1, 0, 0, 0, 1, 0, 0, 0, 1, -2.98359, 6.09, -2.79691)

[node name="PickupMoon" parent="." instance=ExtResource("8_fhrum")]
transform = Transform3D(1, 0, 0, 0, 1, 0, 0, 0, 1, 1.34407, 6.09, -0.488552)

[node name="PickupMoon2" parent="." instance=ExtResource("8_fhrum")]
transform = Transform3D(1, 0, 0, 0, 1, 0, 0, 0, 1, 2.78564, 6.09, 2.81355)

[node name="PickupMoon3" parent="." instance=ExtResource("8_fhrum")]
transform = Transform3D(1, 0, 0, 0, 1, 0, 0, 0, 1, -0.770739, 6.09, 0.887277)
