[gd_scene load_steps=8 format=3 uid="uid://b4lsrwt1qsrnr"]

[ext_resource type="PackedScene" uid="uid://bdit3wg1joair" path="res://scenes/world/world_habitat/world_habitat.tscn" id="2_jt5ef"]
[ext_resource type="PackedScene" uid="uid://dd5g3mlufynah" path="res://scenes/world/playable_panda/playable_panda.tscn" id="3_dcylb"]
[ext_resource type="Script" path="res://scenes/world/world_spawn_cameras.gd" id="3_dupld"]
[ext_resource type="PackedScene" uid="uid://b0psju7athmdk" path="res://components/pause_menu/pause_menu.tscn" id="3_iigwe"]
[ext_resource type="Environment" uid="uid://b3s7lpgdvlxug" path="res://assets/environment_spawn.tres" id="4_emvsu"]
[ext_resource type="AudioStream" uid="uid://cuxmkm5o8othu" path="res://assets/music/main_game.mp3" id="6_e6w1h"]
[ext_resource type="Script" path="res://scenes/world/audio_stream_player.gd" id="7_5485f"]

[node name="World" type="Node3D"]

[node name="PlayablePanda" parent="." instance=ExtResource("3_dcylb")]
transform = Transform3D(-0.523852, 0, -0.851809, 0, 1, 0, 0.851809, 0, -0.523852, -0.667693, 0, -4.06776)

[node name="WorldHabitat" parent="." instance=ExtResource("2_jt5ef")]

[node name="SpawnCameras" type="Node3D" parent="."]
script = ExtResource("3_dupld")

[node name="JuicySpawnCamera" type="Camera3D" parent="SpawnCameras"]
unique_name_in_owner = true
transform = Transform3D(-0.612728, -0.62276, 0.486554, 1.27862e-08, 0.615662, 0.788011, -0.790294, 0.482836, -0.377233, 10.0936, 16.4608, -6.33822)
environment = ExtResource("4_emvsu")
fov = 37.8493
size = 100.0

[node name="DesertSpawnCamera" type="Camera3D" parent="SpawnCameras"]
unique_name_in_owner = true
transform = Transform3D(0.950021, -0.246005, 0.192201, 1.60079e-08, 0.615662, 0.78801, -0.312185, -0.748627, 0.584892, 7.44598, 16.4608, -1.44516)
environment = ExtResource("4_emvsu")
fov = 35.0
size = 100.0

[node name="ShinySpawnCamera" type="Camera3D" parent="SpawnCameras"]
unique_name_in_owner = true
transform = Transform3D(-0.783281, -0.489881, 0.382737, -1.08828e-07, 0.615662, 0.788011, -0.621668, 0.617234, -0.482236, 16.42, 16.4608, -4.52581)
environment = ExtResource("4_emvsu")
fov = 35.0
size = 100.0

[node name="FinalSpawnCamera" type="Camera3D" parent="SpawnCameras"]
unique_name_in_owner = true
transform = Transform3D(-0.939693, -0.269516, 0.210569, 0, 0.615662, 0.788011, -0.34202, 0.740488, -0.578533, 1.50116, 16.4608, -9.03136)
environment = ExtResource("4_emvsu")
fov = 35.0
size = 100.0

[node name="CanvasLayer" type="CanvasLayer" parent="."]

[node name="PaueMenu" parent="CanvasLayer" instance=ExtResource("3_iigwe")]

[node name="AudioStreamPlayer" type="AudioStreamPlayer" parent="."]
stream = ExtResource("6_e6w1h")
autoplay = true
script = ExtResource("7_5485f")
